+6287733441831
+18634014849
+16413288097
+19733527647
+17733575773
+13312279516
+19163140955
+18052224296
+16473629439
+17786080410
+17786088280
+13346500185
+13346007132
+17784018440
+6285329127958
+13343758220
+13342180846
+13344527511
+13345912613
+18283919261
+12513208644
+13346072446
+19083003899
+18722558919
+13346072617
+17786080782
+17573173696
+6285704127092
+17784016874
+13344563708
+14155980947
+6285727078421
+13364389289
+6285842160158
+13345958788
+13414449699
+18023686185
+18042201527
+12252459266
+14402092769
+13372234413
+16784339858
+14153493812
+18024005086
+14434907567
+13345686436
+13345686664
+14433801486
+13345805642
+13345770793
+13344722990
+6281262553656
+13346073575
+13345230144
+13346072567
+13343393838
+12672772573
+13344397015
